job_id,title,location,country,job_family,employment_type,employee_type,url
JR323939,Software Engineering PMTS,India - Bangalore,India,Software Engineering,Full time,Regular,https://salesforce.wd12.myworkdayjobs.com/External_Career_Site/job/India---Bangalore/Software-Engineering-PMTS_JR323939-1
JR324659,Strategic Account Executive - Automotive Industry,India - Gurgaon,India,Sales,Full time,Regular,https://salesforce.wd12.myworkdayjobs.com/External_Career_Site/job/India---Gurgaon/Strategic-Account-Executive---Automotive-Industry_JR324659
JR328498,"Senior Manager, Technical Consulting (Salesforce and Finance or Insurance OR Healthcare domain exp OR Consumer Goods/FMCG mandatory)",India - Hyderabad,India,Customer Success,Full time,Regular,https://salesforce.wd12.myworkdayjobs.com/External_Career_Site/job/India---Hyderabad/Senior-Manager--Technical-Consulting--Finance-or-Insurance-domain-exp-mandatory-_JR328498
JR329680,Salesforce Industry Success Architect,India - Hyderabad,India,Customer Success,Full time,Regular,https://salesforce.wd12.myworkdayjobs.com/External_Career_Site/job/India---Hyderabad/Success-Architect---DevOps---Industries_JR329680
JR332616,Strategic Account Executive - Telecom Industry,India - Gurgaon,India,Sales,Full time,Regular,https://salesforce.wd12.myworkdayjobs.com/External_Career_Site/job/India---Gurgaon/Strategic-Account-Executive---Telecom-Industry_JR332616
JR333845,Account Executive - Sri Lanka,India - Bangalore,India,Sales,Full time,Regular,https://salesforce.wd12.myworkdayjobs.com/External_Career_Site/job/India---Bangalore/Named-Account-Executive---South-India---Sri-Lanka_JR333845
JR334284,Senior Technical Architect-(Salesforce exp) Consumer Goods/Revenue cloud/ Retail/FMCG,India - Bangalore,India,Customer Success,Full time,Regular,https://salesforce.wd12.myworkdayjobs.com/External_Career_Site/job/India---Bangalore/Senior-Technical-Architect--Consumer-Goods-Revenue-cloud--Retail-FMCG_JR334284
JR335213,"Senior Manager, Software Engineering (ERP Transformation)",India - Hyderabad,India,Software Engineering,Full time,Regular,https://salesforce.wd12.myworkdayjobs.com/External_Career_Site/job/India---Hyderabad/Senior-Manager--Software-Engineering--Core-Finance-_JR335213
JR335226,Zuora Revenue Systems Engineer,India - Hyderabad,India,Software Engineering,Full time,Regular,https://salesforce.wd12.myworkdayjobs.com/External_Career_Site/job/India---Hyderabad/Zuora-Revenue-Systems-Engineer_JR335226-1
JR335225,Vertex Tax System Engineer,India - Hyderabad,India,Software Engineering,Full time,Regular,https://salesforce.wd12.myworkdayjobs.com/External_Career_Site/job/India---Hyderabad/Workday-System-Analyst--Software-Engineer--SMTS-_JR335225
JR335227,"SMTS, Zuora Revenue System Engineer",India - Hyderabad,India,Software Engineering,Full time,Regular,https://salesforce.wd12.myworkdayjobs.com/External_Career_Site/job/India---Hyderabad/SMTS--Zuora-Revenue-System-Engineer_JR335227
JR336031,"Principal, Specialist SE",India - Mumbai,India,Sales,Full time,Regular,https://salesforce.wd12.myworkdayjobs.com/External_Career_Site/job/India---Mumbai/Principal--Specialist-SE_JR336031
JR338309,Sr. Product Manager (Vertex Tax),India - Hyderabad,India,Product,Full time,Regular,https://salesforce.wd12.myworkdayjobs.com/External_Career_Site/job/India---Hyderabad/Sr-Product-Manager--Vertex-Tax-_JR338309
JR339859,Named Account Executive,India - Bangalore,India,Sales,Full time,Regular,https://salesforce.wd12.myworkdayjobs.com/External_Career_Site/job/India---Bangalore/Named-Account-Executive_JR339859
JR340233,"Director, Strategy & Enablement",India - Bangalore,India,Customer Success,Full time,Regular,https://salesforce.wd12.myworkdayjobs.com/External_Career_Site/job/India---Bangalore/Director--Strategy---Enablement_JR340233
JR342430,Territory Account Executive - IT/ITES,India - Bangalore,India,Sales,Full time,Regular,https://salesforce.wd12.myworkdayjobs.com/External_Career_Site/job/India---Bangalore/Territory-Account-Executive---IT-ITES_JR342430
JR343748,Territory Account Executive,India - Mumbai,India,Sales,Full time,Regular,https://salesforce.wd12.myworkdayjobs.com/External_Career_Site/job/India---Mumbai/Territory-Account-Executive_JR343748
JR344174,Commercial Architecture Director,India - Bangalore,India,Sales,Full time,Regular,https://salesforce.wd12.myworkdayjobs.com/External_Career_Site/job/India---Bangalore/Commercial-Architecture-Director_JR344174
JR344881,"Principal, Account SE - IT/ITES",India - Mumbai,India,Sales,Full time,Regular,https://salesforce.wd12.myworkdayjobs.com/External_Career_Site/job/India---Mumbai/Principal--Account-SE---IT-ITES_JR344881
JR346560,Senior Technical Consultant,India - Bangalore,India,Customer Success,Full time,Regular,https://salesforce.wd12.myworkdayjobs.com/External_Career_Site/job/India---Bangalore/Senior-Technical-Consultant_JR346560
JR346747,"Field Marketing Sr Analyst – Executive Programs, India",India - Bangalore,India,Marketing & Communications,Full time,Regular,https://salesforce.wd12.myworkdayjobs.com/External_Career_Site/job/India---Bangalore/Field-Marketing-Sr-Analyst---Executive-Programs--India_JR346747
JR347333,Senior Accountant/ Accountant,India - Hyderabad,India,Finance,Full time,Regular,https://salesforce.wd12.myworkdayjobs.com/External_Career_Site/job/India---Hyderabad/Senior-Accountant--Accountant_JR347333
JR347614,Senior Product Manager - LLM Fleet Management,India - Bangalore,India,Product,Full time,Regular,https://salesforce.wd12.myworkdayjobs.com/External_Career_Site/job/India---Bangalore/Senior-Product-Manager---Agentforce-IT_JR347614
JR347743,Territory Account Executive - SMB,India - Mumbai - Remote,India,Sales,Full time,Regular,https://salesforce.wd12.myworkdayjobs.com/External_Career_Site/job/India---Mumbai---Remote/Territory-Account-Executive---SMB_JR347743
JR348215,Prime Named Account Executive,India - Mumbai,India,Sales,Full time,Regular,https://salesforce.wd12.myworkdayjobs.com/External_Career_Site/job/India---Mumbai/Prime-Named-Account-Executive_JR348215
JR349251,Lead Account Solution Engineer,India - Mumbai,India,Sales,Full time,Regular,https://salesforce.wd12.myworkdayjobs.com/External_Career_Site/job/India---Mumbai/Lead-Account-Solution-Engineer_JR349251
JR349371,"Account Executive - Tableau, ESMB",India - Bangalore,India,Sales,Full time,Regular,https://salesforce.wd12.myworkdayjobs.com/External_Career_Site/job/India---Bangalore/Account-Executive---Tableau--ESMB_JR349371
JR349529,"Manager, Accounting",India - Hyderabad,India,Finance,Full time,Regular,https://salesforce.wd12.myworkdayjobs.com/External_Career_Site/job/India---Hyderabad/Manager--Accounting_JR349529
JR349533,Specialist Account Executive,India - Mumbai,India,Sales,Full time,Regular,https://salesforce.wd12.myworkdayjobs.com/External_Career_Site/job/India---Mumbai/Specialist-Account-Executive_JR349533
JR349958,ES Workday Integrations Analyst,India - Hyderabad,India,Employee Success,Full time,Regular,https://salesforce.wd12.myworkdayjobs.com/External_Career_Site/job/India---Hyderabad/ES-Workday-Integrations-Analyst_JR349958
JR350005,Portfolio Leader (Builder People Lead),India - Bangalore,India,Software Engineering,Full time,Regular,https://salesforce.wd12.myworkdayjobs.com/External_Career_Site/job/India---Bangalore/Senior-Director--Builder-SE_JR350005
JR350211,Cloud Account Executive,India - Gurgaon,India,Sales,Full time,Regular,https://salesforce.wd12.myworkdayjobs.com/External_Career_Site/job/India---Gurgaon/Cloud-Account-Executive_JR350211
JR350379,Account Executive,India - Mumbai,India,Sales,Full time,Regular,https://salesforce.wd12.myworkdayjobs.com/External_Career_Site/job/India---Mumbai/Account-Executive_JR350379
JR350546,"Customer Success Manager, Senior Manager (Salesforce exp must)",India - Mumbai,India,Customer Success,Full time,Regular,https://salesforce.wd12.myworkdayjobs.com/External_Career_Site/job/India---Mumbai/Customer-Success-Manager--Senior-Manager_JR350546
JR351016,Specialist Solution Engineer (Martech),India - Mumbai,India,Sales,Full time,Regular,https://salesforce.wd12.myworkdayjobs.com/External_Career_Site/job/India---Mumbai/Specialist-Solution-Engineer_JR351016
JR351216,Named Account Executive - Public Sector (BFSI),India - Mumbai,India,Sales,Full time,Regular,https://salesforce.wd12.myworkdayjobs.com/External_Career_Site/job/India---Mumbai/Named-Account-Executive---Public-Sector--BFSI-_JR351216
JR351679,"Manager, Strategy & Ops, Informatica",India - Bangalore,India,Marketing & Communications,Full time,Regular,https://salesforce.wd12.myworkdayjobs.com/External_Career_Site/job/India---Bangalore/Manager--Strategy---Ops--Informatica_JR351679
JR351737,Named Account Executive - Enterprise - Healthcare/Real Estate/Education,India - Gurgaon,India,Sales,Full time,Regular,https://salesforce.wd12.myworkdayjobs.com/External_Career_Site/job/India---Gurgaon/Named-Account-Executive---Enterprise---Healthcare-Real-Estate-Education_JR351737
JR351733,"Swarm Lead (Informatica MDM, PIM, P360 experience mandatory)",India - Bangalore,India,Customer Success,Full time,Regular,https://salesforce.wd12.myworkdayjobs.com/External_Career_Site/job/India---Bangalore/Swarm-Lead--Informatica-MDM--PIM--P360-experience-mandatory-_JR351733
JR351810,Product Management Director,India - Bangalore,India,Product,Full time,Regular,https://salesforce.wd12.myworkdayjobs.com/External_Career_Site/job/India---Bangalore/Product-Management-Director_JR351810
JR351624,Product Marketing Manager MDM,India - Bangalore,India,Marketing & Communications,Full time,Regular,https://salesforce.wd12.myworkdayjobs.com/External_Career_Site/job/India---Bangalore/Product-Marketing-Manager---Data-Governance_JR351624-1
JR351613,GTM Product Marketing Manager,India - Bangalore,India,Marketing & Communications,Full time,Regular,https://salesforce.wd12.myworkdayjobs.com/External_Career_Site/job/India---Bangalore/Product-Marketing-Manager---Data-Integration_JR351613
JR352055,Senior Corporate Counsel - Office of Global Ethics & Integrity - JAPAC (India),India - Bangalore,India,Global Affairs,Full time,Regular,https://salesforce.wd12.myworkdayjobs.com/External_Career_Site/job/India---Bangalore/Senior-Corporate-Counsel---Office-of-Global-Ethics---Integrity---JAPAC--India-_JR352055
JR351728,Territory Account Executive - SMB,India - Gurgaon,India,Sales,Full time,Regular,https://salesforce.wd12.myworkdayjobs.com/External_Career_Site/job/India---Gurgaon/Territory-Account-Executive---SMB_JR351728
JR352484,Account Executive - Public Sector,India - Gurgaon,India,Sales,Full time,Regular,https://salesforce.wd12.myworkdayjobs.com/External_Career_Site/job/India---Gurgaon/Account-Executive---Public-Sector_JR352484
JR352499,"Senior Principal Swarm Lead (Informatica MDM, PIM, P360, C360 experience mandatory)",India - Bangalore,India,Customer Success,Full time,Regular,https://salesforce.wd12.myworkdayjobs.com/External_Career_Site/job/India---Bangalore/Senior-Principal-Swarm-Lead--Informatica-MDM--PIM--P360--C360-experience-mandatory-_JR352499
JR352789,Salesforce Technical Architect (Education Cloud),India - Gurgaon,India,Customer Success,Full time,Regular,https://salesforce.wd12.myworkdayjobs.com/External_Career_Site/job/India---Gurgaon/Salesforce-Technical-Architect--Education-Cloud-_JR352789
JR352771,Senior Product Manager - Platform Identity Services,India - Hyderabad,India,Product,Full time,Regular,https://salesforce.wd12.myworkdayjobs.com/External_Career_Site/job/India---Hyderabad/Senior-Product-Manager---Platform-Identity-Service_JR352771-1
JR352831,Enterprise Corporate Sales - Account Executive - BFSI,India - Bangalore,India,Sales,Full time,Regular,https://salesforce.wd12.myworkdayjobs.com/External_Career_Site/job/India---Bangalore/Enterprise-Corporate-Sales---Account-Executive_JR352831
JR352818,"Director, Data Engineering",India - Hyderabad,India,Data,Full time,Regular,https://salesforce.wd12.myworkdayjobs.com/External_Career_Site/job/India---Hyderabad/Director--Data-Engineering_JR352818
JR353167,Success Guide - Informatica,India - Bangalore,India,Customer Success,Full time,Regular,https://salesforce.wd12.myworkdayjobs.com/External_Career_Site/job/India---Bangalore/Success-Guide---Informatica_JR353167
JR353244,Salesforce Technical Architect (Core & Revenue Cloud),India - Gurgaon,India,Customer Success,Full time,Regular,https://salesforce.wd12.myworkdayjobs.com/External_Career_Site/job/India---Gurgaon/Technical-Architect_JR353244
JR353248,Employee Relations Manager,India - Bangalore - Remote,India,Employee Success,Full time,Regular,https://salesforce.wd12.myworkdayjobs.com/External_Career_Site/job/India---Bangalore---Remote/Employee-Relations-Manager_JR353248
JR353436,"Senior Success Guide (Informatica CDGC, CDQ or Axon and EDC experience mandatory)",India - Bangalore,India,Customer Success,Full time,Regular,https://salesforce.wd12.myworkdayjobs.com/External_Career_Site/job/India---Bangalore/Senior-Success-Guide--Informatica-CDGC--CDQ--Axon-experience-mandatory-_JR353436
JR353526,"Lead Data Scientist, Growth Marketing",India - Hyderabad,India,Data,Full time,Regular,https://salesforce.wd12.myworkdayjobs.com/External_Career_Site/job/India---Hyderabad/Lead-Data-Scientist--Growth-Marketing_JR353526
JR353624,Named Account Executive - Commerce Cloud,India - Gurgaon,India,Sales,Full time,Regular,https://salesforce.wd12.myworkdayjobs.com/External_Career_Site/job/India---Gurgaon/Named-Account-Executive---Commerce-Cloud_JR353624
JR353762,"Cloud Account Executive - Marketing Cloud, SMB",India - Mumbai,India,Sales,Full time,Regular,https://salesforce.wd12.myworkdayjobs.com/External_Career_Site/job/India---Mumbai/Cloud-Account-Executive---Marketing-Cloud--SMB_JR353762-1
JR353759,"Cloud Account Executive - Marketing Cloud, SMB",India - Mumbai,India,Sales,Full time,Regular,https://salesforce.wd12.myworkdayjobs.com/External_Career_Site/job/India---Mumbai/Cloud-Account-Executive---Marketing-Cloud--SMB_JR353759
JR353953,Data Integration Product Manager - Informatica,India - Bangalore,India,Product,Full time,Regular,https://salesforce.wd12.myworkdayjobs.com/External_Career_Site/job/India---Bangalore/Data-Integration-Product-Manager---Informatica_JR353953
JR353963,"Field Marketing Manager, INDIA",India - Bangalore,India,Marketing & Communications,Full time,Regular,https://salesforce.wd12.myworkdayjobs.com/External_Career_Site/job/India---Bangalore/Field-Marketing-Manager--INDIA_JR353963
JR354334,"Senior Data Analyst, Marketing Performance",India - Hyderabad,India,Data,Full time,Regular,https://salesforce.wd12.myworkdayjobs.com/External_Career_Site/job/India---Hyderabad/Senior-Data-Analyst--Marketing-Performance_JR354334
JR283555,"Manager, Technical Consulting",India - Bangalore,India,Customer Success,Full time,Regular,https://salesforce.wd12.myworkdayjobs.com/External_Career_Site/job/India---Bangalore/Manager-Technical-Consulting---Consumer-Goods---Retail_JR283555
JR288319,Sales Development Representative,India - Bangalore,India,Sales,Full time,Regular,https://salesforce.wd12.myworkdayjobs.com/External_Career_Site/job/India---Bangalore/Sales-Development-Representative_JR288319
JR310367,Software Engineering SMTS/LMTS,India - Hyderabad,India,Software Engineering,Full time,Fixed Term (Fixed Term),https://salesforce.wd12.myworkdayjobs.com/External_Career_Site/job/India---Hyderabad/Software-Engineering-SMTS-LMTS_JR310367
JR312773,Performance Engineer - MTS,India - Hyderabad,India,Software Engineering,Full time,Regular,https://salesforce.wd12.myworkdayjobs.com/External_Career_Site/job/India---Hyderabad/Performance-Engineer--MTS-SMTS-_JR312773
JR312798,Software Engineering-MTS-SDET,India - Hyderabad,India,Software Engineering,Full time,Regular,https://salesforce.wd12.myworkdayjobs.com/External_Career_Site/job/India---Hyderabad/Software-Engineering-SDET_JR312798
JR317907,"Director, Salesforce Program Leader",India - Hyderabad,India,Customer Success,Full time,Regular,https://salesforce.wd12.myworkdayjobs.com/External_Career_Site/job/India---Hyderabad/Director--Salesforce-Project-Management_JR317907-1
JR321224,Success Architect,India - Hyderabad,India,Customer Success,Full time,Regular,https://salesforce.wd12.myworkdayjobs.com/External_Career_Site/job/India---Hyderabad/Success-Architect-Sales-Cloud_JR321224
JR321330,Salesforce Support Engineer - Industries & Revenue Cloud,India - Hyderabad,India,Customer Success,Full time,Fixed Term (Fixed Term),https://salesforce.wd12.myworkdayjobs.com/External_Career_Site/job/India---Hyderabad/Support-Engineer-Industry-Cloud-Immediate-Joiner-_JR321330
JR322267,Salesforce Success Architect (Salesforce Exp is mandatory)/AMER Shifts,India - Bangalore,India,Customer Success,Full time,Regular,https://salesforce.wd12.myworkdayjobs.com/External_Career_Site/job/India---Bangalore/Salesforce-Success-Architect--Salesforce-Exp-is-mandatory-_JR322267
JR322959,Salesforce Success Architect,India - Hyderabad,India,Customer Success,Full time,Regular,https://salesforce.wd12.myworkdayjobs.com/External_Career_Site/job/India---Hyderabad/Salesforce-Senior-Architect_JR322959
JR323967,Customer Success Manager (Salesforce technical exp mandatory),India - Hyderabad,India,Customer Success,Full time,Regular,https://salesforce.wd12.myworkdayjobs.com/External_Career_Site/job/India---Hyderabad/Customer-Success-Manager--Salesforce-technical-exp-mandatory-_JR323967
JR326554,Salesforce Technical Architect,India - Hyderabad,India,Customer Success,Full time,Regular,https://salesforce.wd12.myworkdayjobs.com/External_Career_Site/job/India---Hyderabad/Salesforce-Technical-Architect_JR326554-1
JR327146,Salesforce Senior Technical Manager (Salesforce Technical Architect experience is mandatory),India - Hyderabad,India,Customer Success,Full time,Regular,https://salesforce.wd12.myworkdayjobs.com/External_Career_Site/job/India---Hyderabad/Salesforce-Senior-Technical-Manager_JR327146
JR327393,Salesforce Technical Architect (Revenue Cloud Or Salesforce CPQ)/Healthcare/FINS,India - Bangalore,India,Customer Success,Full time,Regular,https://salesforce.wd12.myworkdayjobs.com/External_Career_Site/job/India---Bangalore/Salesforce-Technical-Architect--Revenue-Cloud-Or-Salesforce-CPQ-_JR327393
JR327156,Mulesoft Technical Manager,India - Bangalore,India,Customer Success,Full time,Regular,https://salesforce.wd12.myworkdayjobs.com/External_Career_Site/job/India---Bangalore/Mulesoft-Technical-Manager_JR327156
JR327543,Software Engineering LMTS - Tableau,India - Hyderabad,India,Software Engineering,Full time,Regular,https://salesforce.wd12.myworkdayjobs.com/External_Career_Site/job/India---Hyderabad/Software-Engineering-LMTS---Tableau_JR327543
JR327679,Senior Technical Consultant - Salesforce DevOps,India - Hyderabad,India,Customer Success,Full time,Regular,https://salesforce.wd12.myworkdayjobs.com/External_Career_Site/job/India---Hyderabad/Senior-Technical-Consultant---Salesforce-DevOps_JR327679
JR327810,"Salesforce Technical Architect, Consumer goods (REX or TPM or CG Cloud exp mandatory)",India - Bangalore,India,Customer Success,Full time,Regular,https://salesforce.wd12.myworkdayjobs.com/External_Career_Site/job/India---Bangalore/Salesforce-Technical-Architect--Consumer-goods--REX-or-TPM-or-CG-Cloud-exp-mandatory-_JR327810
JR327797,Manager/Senior Manager - Business Strategy,India - Hyderabad,India,Customer Success,Full time,Regular,https://salesforce.wd12.myworkdayjobs.com/External_Career_Site/job/India---Hyderabad/Program-Manager---Strategy-and-Operations_JR327797
JR328379,SFMC Architect (DC exp also required),India - Hyderabad,India,Customer Success,Full time,Regular,https://salesforce.wd12.myworkdayjobs.com/External_Career_Site/job/India---Hyderabad/SFMC-Salesforce-Marketing-Cloud-Technical-Architect_JR328379
JR330631,Agentforce/Data Cloud - Readiness Architect,India - Hyderabad,India,Customer Success,Full time,Regular,https://salesforce.wd12.myworkdayjobs.com/External_Career_Site/job/India---Hyderabad/Readiness-Architect_JR330631
JR331097,Customer Success Manager (Salesforce technical exp mandatory-AMER timezone),India - Hyderabad,India,Customer Success,Full time,Regular,https://salesforce.wd12.myworkdayjobs.com/External_Career_Site/job/India---Hyderabad/Customer-Success-Manager--Salesforce-technical-exp-mandatory-AMER-timezone-_JR331097-1
JR331777,Customer Success Manager (Salesforce Commerce Cloud / Demandware exp mandatory),India - Hyderabad,India,Customer Success,Full time,Regular,https://salesforce.wd12.myworkdayjobs.com/External_Career_Site/job/India---Hyderabad/Customer-Success-Manager--Salesforce-Commerce-Cloud---Demandware-exp-mandatory-_JR331777
JR331971,Salesforce-Senior Technical Architect,India - Hyderabad,India,Customer Success,Full time,Regular,https://salesforce.wd12.myworkdayjobs.com/External_Career_Site/job/India---Hyderabad/Salesforce-Technical-Architect_JR331971
JR332873,Manager Technical Consulting (Salesforce+ Tech arch+domain(Health/Insurance/Comms/FINS/SF CPQ/Consumer Goods Experience mandatory)),India - Bangalore,India,Customer Success,Full time,Regular,https://salesforce.wd12.myworkdayjobs.com/External_Career_Site/job/India---Bangalore/Manager-Senior-Manager-Technical-Consulting--Salesforce-Experience-mandatory-_JR332873
JR333705,Technical Support Engineer,India - Hyderabad,India,Customer Success,Full time,Regular,https://salesforce.wd12.myworkdayjobs.com/External_Career_Site/job/India---Hyderabad/Success-Engineer_JR333705
JR334050,Technical Support Engineer - Informatica MDM,India - Bangalore,India,Customer Success,Full time,Regular,https://salesforce.wd12.myworkdayjobs.com/External_Career_Site/job/India---Bangalore/Technical-Support-Engineer_JR334050
JR334118,Salesforce Technical Manager ( Salesforce Technical Architect exp is Manadatory ),India - Hyderabad,India,Customer Success,Full time,Regular,https://salesforce.wd12.myworkdayjobs.com/External_Career_Site/job/India---Hyderabad/Salesforce-Technical-Manager_JR334118
JR334796,Lead User Experience Designer,India - Bangalore,India,User Experience,Full time,Regular,https://salesforce.wd12.myworkdayjobs.com/External_Career_Site/job/India---Bangalore/Lead-User-Experience-Designer_JR334796
JR335049,Field Service AI Technical Architect,India - Gurgaon,India,Customer Success,Full time,Regular,https://salesforce.wd12.myworkdayjobs.com/External_Career_Site/job/India---Gurgaon/Field-Service-AI-Technical-Architect_JR335049
JR336879,Salesforce Project Manager - Japanese speaking,India - Hyderabad,India,Customer Success,Full time,Regular,https://salesforce.wd12.myworkdayjobs.com/External_Career_Site/job/India---Hyderabad/Salesforce-Project-Manager---Japanese-speaking_JR336879
JR336963,Salesforce Technical Architect - (Life Sciences Industry exp mandate),India - Bangalore,India,Customer Success,Full time,Regular,https://salesforce.wd12.myworkdayjobs.com/External_Career_Site/job/India---Bangalore/Salesforce-Technical-Architect----Life-Sciences-Industry-exp-mandate-_JR336963
JR336979,Salesforce Senior Advisory Architect,India - Bangalore,India,Customer Success,Full time,Regular,https://salesforce.wd12.myworkdayjobs.com/External_Career_Site/job/India---Bangalore/Salesforce-Senior-Advisory-Architect_JR336979
JR337210,ES Workday Ops Specialist,India - Hyderabad,India,Employee Success,Full time,Regular,https://salesforce.wd12.myworkdayjobs.com/External_Career_Site/job/India---Hyderabad/ES-Workday-Ops-Specialist_JR337210
JR337715,Summer 2027 Intern - Software Engineer,India - Bangalore,India,Fixed Term & Temporary,Full time,Intern,https://salesforce.wd12.myworkdayjobs.com/External_Career_Site/job/India---Bangalore/Summer-2027-Intern---Software-Engineer_JR337715
JR338172,"Software Engineering, MTS/ SMTS (Full-Stack)",India - Bangalore,India,Software Engineering,Full time,Regular,https://salesforce.wd12.myworkdayjobs.com/External_Career_Site/job/India---Bangalore/Software-Engineering-MTS_JR338172-1
JR338174,Software Engineering LMTS - Backend Distributed Systems,India - Hyderabad,India,Software Engineering,Full time,Regular,https://salesforce.wd12.myworkdayjobs.com/External_Career_Site/job/India---Hyderabad/Software-Engineering-LMTS_JR338174
JR340003,Salesforce Success Architect,India - Hyderabad,India,Customer Success,Full time,Regular,https://salesforce.wd12.myworkdayjobs.com/External_Career_Site/job/India---Hyderabad/Salesforce-Success-Architect_JR340003-1
JR340412,"Director, Growth Multiplier (Salesforce Practice)",India - Hyderabad,India,Customer Success,Full time,Regular,https://salesforce.wd12.myworkdayjobs.com/External_Career_Site/job/India---Hyderabad/Director--Delivery-Management_JR340412
JR340414,"Director, Technical Consulting ( Salesforce Experience Mandatory )",India - Hyderabad,India,Customer Success,Full time,Regular,https://salesforce.wd12.myworkdayjobs.com/External_Career_Site/job/India---Hyderabad/Director--Technical-Consulting_JR340414
JR342766,Salesforce Technical Architect,India - Hyderabad,India,Customer Success,Full time,Regular,https://salesforce.wd12.myworkdayjobs.com/External_Career_Site/job/India---Hyderabad/Salesforce-Senior-Technical-Architect--Technical-Architect_JR342766
JR343702,Senior Instructor,India - Hyderabad,India,Employee Success,Full time,Regular,https://salesforce.wd12.myworkdayjobs.com/External_Career_Site/job/India---Hyderabad/Senior-Instructor_JR343702
JR344226,Salesforce Field Service Architect,India - Hyderabad,India,Customer Success,Full time,Regular,https://salesforce.wd12.myworkdayjobs.com/External_Career_Site/job/India---Hyderabad/Salesforce-SFS-Architect_JR344226
JR347014,Senior Software Engineering Manager — CI/Build Systems & Developer Productivity Platform,India - Bangalore,India,Software Engineering,Full time,Regular,https://salesforce.wd12.myworkdayjobs.com/External_Career_Site/job/India---Bangalore/Senior-Software-Engineering-Manager---CI-Build-Systems---Developer-Productivity-Platform_JR347014
JR347031,Salesforce Senior Technical Architect (CTA Aspirants),India - Hyderabad,India,Customer Success,Full time,Regular,https://salesforce.wd12.myworkdayjobs.com/External_Career_Site/job/India---Hyderabad/Salesforce-Senior-Technical-Architect--CTA-Aspirants-_JR347031
JR350734,Technical Architect/Senior Technical Architect — Marketing Cloud Next,India - Bangalore,India,Customer Success,Full time,Regular,https://salesforce.wd12.myworkdayjobs.com/External_Career_Site/job/India---Bangalore/Technical-Architect--Migration-Specialist-_JR350734
JR350992,Technical Architect — Agentforce Revenue Management,India - Bangalore,India,Customer Success,Full time,Regular,https://salesforce.wd12.myworkdayjobs.com/External_Career_Site/job/India---Bangalore/Technical-Architect---Agentforce-Revenue-Management_JR350992-1
JR351410,Success Guide - Informatica Product experience mandatory,India - Bangalore,India,Customer Success,Full time,Regular,https://salesforce.wd12.myworkdayjobs.com/External_Career_Site/job/India---Bangalore/Success-Guide---Informatica-Product-experience-mandatory_JR351410
JR352405,Technical Architect - Data Cloud exp mandatory,India - Hyderabad,India,Customer Success,Full time,Regular,https://salesforce.wd12.myworkdayjobs.com/External_Career_Site/job/India---Hyderabad/Technical-Architect---Data-Cloud_JR352405
JR351729,Technical Architect — Tableau Next,India - Hyderabad,India,Customer Success,Full time,Regular,https://salesforce.wd12.myworkdayjobs.com/External_Career_Site/job/India---Hyderabad/Technical-Architect---Tableau-Next_JR351729
JR351734,"Manager/Senior Manager, Technical Consulting — Marketing Cloud Next",India - Hyderabad,India,Customer Success,Full time,Regular,https://salesforce.wd12.myworkdayjobs.com/External_Career_Site/job/India---Hyderabad/Manager-Senior-Manager--Technical-Consulting---Marketing-Cloud-Next_JR351734
JR351592,Customer Success Manager- Mulesoft exp mandatory,India - Hyderabad,India,Customer Success,Full time,Regular,https://salesforce.wd12.myworkdayjobs.com/External_Career_Site/job/India---Hyderabad/Customer-Success-Manager--Mulesoft-exp-mandatory_JR351592
JR352283,Senior Technical Consultant - B2B,India - Bangalore,India,Customer Success,Full time,Regular,https://salesforce.wd12.myworkdayjobs.com/External_Career_Site/job/India---Bangalore/Senior-Technical-Consultant---B2B_JR352283
JR351752,Business Development Representative,India - Bangalore,India,Sales,Full time,Regular,https://salesforce.wd12.myworkdayjobs.com/External_Career_Site/job/India---Bangalore/Business-Development-Representative_JR351752
JR351773,Salesforce Technical Architect (ITSM),India - Hyderabad,India,Customer Success,Full time,Regular,https://salesforce.wd12.myworkdayjobs.com/External_Career_Site/job/India---Hyderabad/Salesforce-Technical-Architect--ITSM-_JR351773
JR352786,Salesforce Technical Architect (FINS/Auto/MFG/Retail Industry),India - Mumbai,India,Customer Success,Full time,Regular,https://salesforce.wd12.myworkdayjobs.com/External_Career_Site/job/India---Mumbai/Salesforce-Technical-Architect--Auto-MFG-Retail-Industry-_JR352786
JR353024,Salesforce- Technical Architect/ Senior Technical Architect,India - Hyderabad,India,Customer Success,Full time,Regular,https://salesforce.wd12.myworkdayjobs.com/External_Career_Site/job/India---Hyderabad/Salesforce-Senior-Technical-Architect_JR353024
JR353031,Success Architect - SFMC (SFMC experience mandatory),India - Hyderabad,India,Customer Success,Full time,Regular,https://salesforce.wd12.myworkdayjobs.com/External_Career_Site/job/India---Hyderabad/Success-Architect---SFMC--SFMC-experience-mandatory-_JR353031
JR353016,Salesforce Manager/Senior Technical Manager (Salesforce Technical Architect experience is mandatory),India - Hyderabad,India,Customer Success,Full time,Regular,https://salesforce.wd12.myworkdayjobs.com/External_Career_Site/job/India---Hyderabad/Salesforce-Manager-Senior-Technical-Manager--Salesforce-Technical-Architect-experience-is-mandatory-_JR353016
JR353601,Senior Technical Consultant - Salesforce Field Services,India - Hyderabad,India,Customer Success,Full time,Regular,https://salesforce.wd12.myworkdayjobs.com/External_Career_Site/job/India---Hyderabad/Senior-Technical-Consultant---Salesforce-Field-Services_JR353601
JR353962,Salesforce DevOps - Technical Architect,India - Hyderabad,India,Customer Success,Full time,Regular,https://salesforce.wd12.myworkdayjobs.com/External_Career_Site/job/India---Hyderabad/Salesforce-DevOps---Technical-Architect_JR353962
JR353632,"Manager/Senior Manager, Technical Consulting — Revenue Cloud Advanced(RCA)",India - Hyderabad,India,Customer Success,Full time,Regular,https://salesforce.wd12.myworkdayjobs.com/External_Career_Site/job/India---Hyderabad/Manager-Senior-Manager--Technical-Consulting---Revenue-Cloud-Advanced-RCA-_JR353632
JR353793,Program Manager - Salesforce,India - Hyderabad,India,Customer Success,Full time,Regular,https://salesforce.wd12.myworkdayjobs.com/External_Career_Site/job/India---Hyderabad/Program-Manager---Salesforce_JR353793
JR353966,Senior Technical Consultant - Salesforce DevOps,India - Hyderabad,India,Customer Success,Full time,Regular,https://salesforce.wd12.myworkdayjobs.com/External_Career_Site/job/India---Hyderabad/Senior-Technical-Consultant---Salesforce-DevOps_JR353966
JR354108,Senior Salesforce Solution Architect - Lifesciences,India - Hyderabad,India,Customer Success,Full time,Regular,https://salesforce.wd12.myworkdayjobs.com/External_Career_Site/job/India---Hyderabad/Senior-Salesforce-Solution-Architect---Lifesciences_JR354108
JR354366,Salesforce Project Manager,India - Hyderabad,India,Customer Success,Full time,Regular,https://salesforce.wd12.myworkdayjobs.com/External_Career_Site/job/India---Hyderabad/Salesforce-Project-Manager_JR354366
JR355094,Salesforce Success Architect - AMER Shifts (Salesforce Exp is mandatory),India - Hyderabad,India,Customer Success,Full time,Regular,https://salesforce.wd12.myworkdayjobs.com/External_Career_Site/job/India---Hyderabad/Salesforce-Success-Architect---AMER-Shifts--Salesforce-Exp-is-mandatory-_JR355094
JR354619,Software Engineering LMTS | Cloud Infrastructure & Security,India - Bangalore,India,Software Engineering,Full time,Regular,https://salesforce.wd12.myworkdayjobs.com/External_Career_Site/job/India---Bangalore/Software-Engineering-LMTS---Cloud-Infrastructure---Security_JR354619
JR354795,Success Architect - Marketing Cloud,India - Hyderabad,India,Customer Success,Full time,Regular,https://salesforce.wd12.myworkdayjobs.com/External_Career_Site/job/India---Hyderabad/Success-Architect---Marketing-Cloud_JR354795
JR354806,Salesforce Architect Manager,India - Hyderabad,India,Customer Success,Full time,Regular,https://salesforce.wd12.myworkdayjobs.com/External_Career_Site/job/India---Hyderabad/Salesforce-Architect-Manager_JR354806
JR355026,"Director, AI and Innovation",India - Bangalore,India,Customer Success,Full time,Regular,https://salesforce.wd12.myworkdayjobs.com/External_Career_Site/job/India---Bangalore/Director--AI-and-Innovation_JR355026-1
JR355036,Senior Technical Consultant - Japanese Fluency (Mandatory),India - Bangalore,India,Customer Success,Full time,Regular,https://salesforce.wd12.myworkdayjobs.com/External_Career_Site/job/India---Bangalore/Senior-Technical-Consultant---Japanese-Fluency--Mandatory-_JR355036
JR355019,Senior Salesforce Technical Architect - Life Sciences,India - Bangalore,India,Customer Success,Full time,Regular,https://salesforce.wd12.myworkdayjobs.com/External_Career_Site/job/India---Bangalore/Senior-Salesforce-Technical-Architect---Life-Sciences_JR355019
JR355045,Success Architect - Sales Cloud,India - Hyderabad,India,Customer Success,Full time,Regular,https://salesforce.wd12.myworkdayjobs.com/External_Career_Site/job/India---Hyderabad/Success-Architect---Sales-Cloud_JR355045
