title,company,location,salary,description,skills,posted_date,url
Walk-in || Jr/Sr Java Developer,Meythoma International,Chennai ,4-9 Lacs PA ,We are looking for professionals with good communication skills in both Tamil and Engli...,"Java, SQL, Spring Boot, SR, Boot, Development, Spring, Jrss",2 days ago,https://www.naukri.com/job-listings-jr-sr-java-developer-meythoma-international-chennai-0-to-5-years-040826013358
Software Development Engineer,Bahwan CyberTek,Chennai ,,Graduates from IITs or NITs are strongly preferredRequired Qualifications. Bachelors or...,"Data Structures and Algorithms, Java, Software Deve, Python, Software engineering, Software development, Data structures, Development",2 days ago,https://www.naukri.com/job-listings-software-development-engineer-bct-consulting-chennai-1-to-3-years-040826009063
Java Developer,Veersa Technologies India,Noida ,,Job Description Position: Java Developer Experience Required: 1 4 Years Locat...,"emerging technologies, ci/cd pipelines, css, build tools, bug fixing, analytical skills, azure cloud, core java",1 week ago,https://www.naukri.com/job-listings-java-developer-veersa-technologies-noida-1-to-4-years-280726503212
Software Engineer - Backend,Cloudsufi,Noida ,,Strong understanding of software development principles and methodologies. . Proficienc...,"emerging technologies, python, software development, programming languages, code quality, ruby, database management, java",1 day ago,https://www.naukri.com/job-listings-software-engineer-backend-cloudsufi-noida-1-to-2-years-050826502874
Java Developer & Trainer,Nex G Exuberant,Noida ,,"The individual should have experience in building high-performing, scalable, enterprise...","c++, css, jsp, java development, hibernate, scalability, microservices, spring",3+ weeks ago,https://www.naukri.com/job-listings-java-developer-trainer-nex-g-exuberant-solutions-noida-1-to-5-years-290525501428
Software-Java Developer,Creative Hands HR,"Chennai, Hyderabad, Bengaluru ",,The requirement is not yet active from Client side. Required Skills and Qualifications ...,"Java, Restful Web API Development, Multithreading, Docker, Spring Boot, Collections, AWS, Microservices",3 days ago,https://www.naukri.com/job-listings-software-java-developer-creative-hands-hr-hyderabad-chennai-bengaluru-0-to-5-years-030826001905
Software-Java Developer,Creative Hands HR,"Chennai, Hyderabad, Bengaluru ",,The requirement is not yet active from Client side. Required Skills and Qualifications ...,"Java, Restful Web API Development, Multithreading, Docker, Spring Boot, Collections, AWS, Microservices",1 week ago,https://www.naukri.com/job-listings-software-java-developer-creative-hands-hr-hyderabad-chennai-bengaluru-0-to-5-years-250726008519
Java/J2ee Developer,IDESLABS,"New Delhi, Chennai, Kolkata, Hyderabad, Mumbai, Pune, Bengaluru ",,"Experience with cloud platforms, container platforms (OpenShift, Kubernetes) and Docker...","E-learning, C++, Operating systems, devops, Cloud, Programming, J2Ee, Python",3+ weeks ago,https://www.naukri.com/job-listings-java-j2ee-developer-ideslabs-private-limited-kolkata-mumbai-new-delhi-hyderabad-pune-chennai-bengaluru-1-to-5-years-071223501189
Java Developer,Solitera Software,Gurugram ,,"In this role, Must Possess knowledge of #Java, #JQuery, #JavaScript, #J2EE Web Services...","jQuery, SOA, JBoss, XML, Web development, Javascript, Agile, J2Ee",3+ weeks ago,https://www.naukri.com/job-listings-java-developer-solitera-software-gurugram-0-to-3-years-311025500184
Junior Software Developer (Java Full Stack),go4WorldBusiness.com,New Delhi ,,go4WorldBusiness.com is looking for Junior Software Developer (Java Full Stack) to join...,"emerging technologies, rest, junit, web services, jsp, java development, jdbc, java fullstack",3+ weeks ago,https://www.naukri.com/job-listings-junior-software-developer-java-full-stack-go4worldbusiness-com-new-delhi-1-to-4-years-200526500102
MountBlue Technologies u Software Engineer Trainee,Rooman,"New Delhi, Chennai, Hyderabad, Mumbai, Pune, Bengaluru ",,"Job_Description"":"" We are hiring Software Engineer Trainees to build, test, and maintai...","python, debug, java, php, software engineer, analytical skills, javascript, ruby",1 day ago,https://www.naukri.com/job-listings-mountblue-technologies-u-software-engineer-trainee-rooman-mumbai-new-delhi-hyderabad-pune-chennai-bengaluru-0-to-4-years-050826503191
Software Engineer - Java,Cloudbees,Chennai ,,Required: . Preferred (not mandatory) . Jenkins or CI / CD internals . Relational data...,"activemq, Hibernate, Coding, Postgresql, Debugging, Workflow, JPA, Oracle",3 days ago,https://www.naukri.com/job-listings-software-engineer-java-cloudbees-chennai-0-to-5-years-030826506067
Full Stack Software Developer,Pls Lawyers,Gurugram ,,"Proficient in one or more programming languages such as Java, Python, or Ruby. Experien...","python, react, programming languages, code quality, ruby, spring, angular, django",1 day ago,https://www.naukri.com/job-listings-full-stack-software-developer-pls-lawyers-pvt-ltd-gurugram-1-to-4-years-050826504825
Java Developer,Ushyaku,Gurugram ,,Experience with JSP . Experience in working with SMPP and JMS APIs . Experience with Co...,"Java J2Ee Developer, J2Ee, Java, Java Development, Development",3+ weeks ago,https://www.naukri.com/job-listings-java-developer-ushyaku-software-solutions-llp-gurugram-1-to-4-years-061124501110
Developer,360 Degree Cloud Technologies,Noida ,,Experience with database management systems and querying languages like SQL.,"emerging technologies, python, software development, version control, agile development, programming languages, cloud technologies, code quality",1 day ago,https://www.naukri.com/job-listings-developer-360-degree-cloud-technologies-p-ltd-noida-1-to-5-years-060826502169
Java Developer,Bookswagon,Noida ,3-4 Lacs PA ,The ideal candidate should have strong expertise in Java technologies and backend devel...,"Java, GIT, J2EE Technologies, Java Development, J2Ee, Development",3 weeks ago,https://www.naukri.com/job-listings-java-developer-bookswagon-noida-1-to-2-years-140726016376
JAVA Developer,Qloron Technology,Gurugram ,,"Design, develop, test, and deploy high-quality software applications using Java. Colla...","web services, jsp, java development, jdbc, hibernate, apache tomcat, microservices, sql",3+ weeks ago,https://www.naukri.com/job-listings-java-developer-qloron-pvt-ltd-gurugram-1-to-2-years-130526503221
Full Stack Developer (React JS + Java Spring Boot),Acuity It Solutions,Remote ,,We are seeking a Full Stack Web Developer with 1–3 years of experience in web applicati...,"Java, Spring Boot, React.js, GIT, Agile, Full Stack, Java Fullstack, AWS Cloud",1 week ago,https://www.naukri.com/job-listings-full-stack-developer-react-js-java-spring-boot-acuity-it-solutions-delhi-ncr-1-to-3-years-240726010221
Java Developer,E Pro Consulting Service,Chennai ,,Description: Should be ready to work in the evening (Work Timings: 4PM - 1AM IST) Shoul...,"Oracle database, Typing, Linux, Java J2Ee Developer, Time, Business Executive, AWS, Java Development",3+ weeks ago,https://www.naukri.com/job-listings-java-developer-e-pro-consulting-service-chennai-1-to-5-years-100217502055
Software Engineer (Java and AWS),Sophos,New Delhi ,,Experience with the complete SDLC. Disclaimer: This job posting & Location has been agg...,"kubernetes, cloud security, ai, machine learning, cloud technologies, cybersecurity, artificial intelligence, docker",1 week ago,https://www.naukri.com/job-listings-software-engineer-java-and-aws-sophos-ltd-new-delhi-1-to-2-years-270726505147
